========================================================
  MS-CFLP-CI — Resultados experimentales
  Instancias: wlp01-wlp08
========================================================

--------------------------------------------------------
  Algoritmo Voraz (MS-CFLP-CI)
--------------------------------------------------------
Instancia    |Jopen|        C.Fijo       C.Asig.       C.Total Incomp.      CPU(s)
----------------------------------------------------------------------------------
wlp01.dzn         34         16980         20064         37044       0      0.0019
wlp02.dzn         66         34590         36102         70692       0      0.0156
wlp03.dzn         93         46400         40383         86783       0      0.0264
wlp04.dzn        123         60610         42532        103142       0      0.0570
wlp05.dzn        154         74850         54630        129480       0      0.1001
wlp06.dzn        180         83850         67002        150852       0      0.1729
wlp07.dzn        255        124740         89283        214023       0      0.3994
wlp08.dzn        311        145550        103862        249412       0      0.7177
----------------------------------------------------------------------------------
Promedio       152.0       73446.2       56732.2      130178.5     0.0      0.1864

--------------------------------------------------------
  Algoritmo GRASP (MS-CFLP-CI)
--------------------------------------------------------
Instancia    |LRC| Ejec. |Jopen|        C.Fijo       C.Asig.       C.Total Incomp.      CPU(s)
----------------------------------------------------------------------------------------------
wlp01.dzn        2     1      30         15490         18751         34241       0      0.2246
wlp01.dzn        2     2      30         15490         18330         33820       0      0.3402
wlp01.dzn        2     3      30         15510         18362         33872       0      0.3004
wlp01.dzn        3     1      31         15840         16648         32488       0      0.5882
wlp01.dzn        3     2      32         16330         17140         33470       0      0.4587
wlp01.dzn        3     3      30         15580         16293         31873       0      0.2846
wlp02.dzn        2     1      66         35210         27749         62959       0      2.6455
wlp02.dzn        2     2      65         34700         27078         61778       0      3.0062
wlp02.dzn        2     3      65         35090         27227         62317       0      4.0826
wlp02.dzn        3     1      64         34820         25129         59949       0      6.5604
wlp02.dzn        3     2      65         35530         25194         60724       0      5.1055
wlp02.dzn        3     3      65         35140         24832         59972       0      6.6962
wlp03.dzn        2     1      89         44600         31346         75946       0     14.1443
wlp03.dzn        2     2      88         44110         31332         75442       0     13.2380
wlp03.dzn        2     3      90         45310         29986         75296       0     17.3250
wlp03.dzn        3     1      88         44030         31502         75532       0     15.2192
wlp03.dzn        3     2      90         45020         30521         75541       0     15.9780
wlp03.dzn        3     3      90         45000         31202         76202       0     17.3432
wlp04.dzn        2     1     121         59920         36112         96032       0     28.9220
wlp04.dzn        2     2     121         60190         35678         95868       0     27.6484
wlp04.dzn        2     3     120         58960         36342         95302       0     33.9506
wlp04.dzn        3     1     122         61080         34079         95159       0     45.3738
wlp04.dzn        3     2     120         59940         33518         93458       0     54.4522
wlp04.dzn        3     3     122         60960         33920         94880       0     61.1083
wlp05.dzn        2     1     154         75660         44862        120522       0     59.2325
wlp05.dzn        2     2     153         74960         44688        119648       0     55.8407
wlp05.dzn        2     3     153         75120         44621        119741       0     70.4144
wlp05.dzn        3     1     152         74700         44209        118909       0     87.3486
wlp05.dzn        3     2     153         74740         45408        120148       0    103.5334
wlp05.dzn        3     3     152         74530         44973        119503       0    109.2832
wlp06.dzn        2     1     179         85240         45600        130840       0    177.3338
wlp06.dzn        2     2     179         84890         46291        131181       0    137.7051
wlp06.dzn        2     3     179         85390         44356        129746       0    206.8296
wlp06.dzn        3     1     178         84350         47250        131600       0    190.9717
wlp06.dzn        3     2     177         83250         48145        131395       0    180.2112
wlp06.dzn        3     3     178         84750         45904        130654       0    175.5070
wlp07.dzn        2     1     247        121530         71201        192731       0    415.4702
wlp07.dzn        2     2     250        123730         66987        190717       0    436.5821
wlp07.dzn        2     3     246        121480         67094        188574       0    516.1831
wlp07.dzn        3     1     249        123110         63120        186230       0    693.2204
wlp07.dzn        3     2     251        124710         65257        189967       0    562.1960
wlp07.dzn        3     3     249        123780         63507        187287       0    672.9349
wlp08.dzn        2     1     309        146430         79762        226192       0    834.9567
wlp08.dzn        2     2     310        147190         75892        223082       0    945.5585
wlp08.dzn        2     3     307        146680         75114        221794       0    961.9802
wlp08.dzn        3     1     310        147340         73675        221015       0   1187.3849
wlp08.dzn        3     2     309        146970         76753        223723       0   1060.8772
wlp08.dzn        3     3     310        147530         72505        220035       0   1287.6832
----------------------------------------------------------------------------------------------
Promedio         -     -   149.3       73164.8       42821.8      115986.6     0.0    239.6716

========================================================
  Fin del informe
========================================================
